M = 1.0;
m = 0.1;
l = 0.5;
g = 9.8;

Kp = 120;
Ki = 0.5;
Kd = 5;

Kx = -0.002;
Kv = -0.02;



Fmax = 50;