M = 1.0;
m = 0.1;
l = 0.5;
g = 9.8;

Kp = 80;
Kd = 15;

Fmax = 50;